6.70 17.69
6.92 19.24
7.24 23.86
12.69 18.49
5.16 17.91
13.57 20.52
13.28 16.24
8.02 21.65
13.56 19.16
9.75 19.90
12.52 17.41
16.80 19.59
9.03 11.98
16.93 16.05
5.32 22.29
9.00 11.42
13.22 20.57
8.79 16.45
16.89 14.12
9.48 7.59
6.92 22.74
9.87 15.91
11.22 24.57
6.91 9.28
11.39 19.87
12.69 20.42
12.35 13.61
18.90 13.63
16.40 18.12
18.90 13.29
5.79 17.73
10.91 19.97
8.48 20.55
19.40 13.49
10.26 14.21
17.47 17.75
19.17 14.68
10.89 22.34
11.47 15.41
9.22 15.56
6.41 20.24
9.22 16.70
14.62 19.68
16.38 14.84
12.87 21.70
7.13 15.28
9.79 11.85
9.54 15.76
12.47 19.82
18.06 15.21
5.71 21.77
10.66 17.35
6.47 13.03
11.85 16.92
14.54 18.24
17.08 17.83
16.90 20.93
5.91 20.63
7.98 12.57
7.15 21.90
10.03 14.26
13.68 17.75
20.15 15.18
10.76 19.20
15.74 18.49
9.99 20.16
11.65 12.94
9.86 13.86
4.81 13.65
13.97 18.64
15.10 16.48
17.38 13.93
12.14 21.19
4.30 18.56
4.92 23.33
15.07 13.70
6.00 20.79
14.71 21.58
8.94 17.30
5.79 12.11
15.70 15.25
6.82 21.49
12.98 20.03
12.35 13.75
4.41 13.47
17.22 16.93
10.61 18.36
13.89 14.01
11.04 21.47
12.40 19.18
9.26 11.64
10.59 16.31
8.18 17.67
15.02 16.77
6.03 20.15
12.19 14.43
11.91 18.75
14.46 18.56
12.52 17.63
17.21 14.56
9.76 18.64
16.10 15.36
6.87 23.29
13.71 19.00
10.72 20.10
5.43 14.47
7.99 16.45
10.01 15.55
17.32 14.06
7.30 9.20
9.54 11.74
15.93 16.45
9.19 14.08
10.41 11.72
14.49 15.67
8.42 14.11
13.99 21.36
13.40 21.52
14.60 21.92
11.18 18.08
13.30 13.19
7.30 12.70
10.28 13.17
17.47 16.48
18.51 15.67
11.35 18.38
9.55 13.05
16.79 13.30
6.59 11.58
19.70 15.32
5.88 21.19
11.36 17.38
9.64 15.10
13.57 22.06
17.65 18.72
2.66 12.04
14.57 16.03
6.45 21.71
16.76 16.10
12.21 19.85
10.43 12.38
11.08 15.84
12.13 26.16
18.83 12.50
8.17 14.31
7.36 10.42
9.33 13.65
9.61 12.63
18.30 20.34
6.03 10.51
7.56 14.69
12.18 20.78
13.54 26.20
5.23 13.73
9.40 18.36
15.85 17.34
6.06 11.70
5.70 12.74
3.30 11.59
12.54 19.57
16.93 15.38
6.23 14.66
6.53 12.81
7.11 14.23
14.77 24.06
7.75 13.28
13.33 17.15
10.10 10.72
9.57 9.89
12.86 20.83
11.85 18.49
11.68 18.39
18.86 13.47
9.57 12.14
6.52 17.09
7.31 17.93
7.36 17.68
12.00 18.81
10.80 17.98
16.97 15.20
5.55 10.10
10.64 19.24
10.58 19.10
15.08 16.83
8.06 15.96
11.30 19.77
14.22 21.63
12.40 17.80
9.04 16.04
7.63 14.15
11.79 18.62
12.49 17.38
9.47 10.02
8.41 14.69
16.91 13.44
16.13 16.42
15.04 22.30
11.34 21.30
6.27 9.70
11.97 19.43
7.04 10.74
13.75 16.99
6.12 18.96
11.45 19.42
9.45 16.47
7.77 11.62
12.74 17.83
14.43 20.61
1.61 12.56
14.37 17.95
14.80 18.95
5.06 12.75
9.26 9.26
12.20 20.32
19.96 15.41
17.34 13.08
17.40 19.80
9.73 10.82
14.91 23.75
10.96 16.77
6.98 14.63
10.18 12.05
4.54 12.92
18.65 13.69
16.34 15.80
18.13 13.90
15.36 17.44
8.89 12.63
16.41 21.47
6.44 20.90
4.90 11.47
11.23 20.89
5.92 21.72
13.12 18.09
6.01 13.13
7.60 10.19
5.27 13.62
4.44 12.35
18.49 20.85
12.12 13.76
17.06 22.70
17.83 15.06
13.26 20.83
10.69 9.54
6.25 12.43
8.21 11.99
6.97 13.01
12.19 22.79
5.13 19.91
9.19 11.75
10.99 11.37
8.38 16.32
9.76 22.75
5.76 21.62
13.08 21.46
9.96 13.99
10.06 18.84
14.87 18.05
11.26 18.50
7.59 14.91
16.31 14.30
13.72 19.00
6.99 21.83
9.72 19.77
15.86 19.56
17.05 15.69
16.25 17.48
10.96 16.40
11.53 20.89
14.38 19.24
8.91 11.16
14.87 16.48
10.27 20.07
5.56 20.53
15.71 17.53
8.13 15.20
7.26 13.88
6.77 5.78
12.68 19.06
6.19 12.13
17.33 14.65
6.94 12.79
14.04 19.67
8.35 13.28
14.99 14.66
13.82 17.88
8.38 12.60
5.02 16.93
14.16 14.51
12.52 22.41
8.77 21.39
12.74 22.79
17.61 21.76
15.83 15.07
14.60 18.79
13.08 22.69
6.49 20.87
12.70 12.18
9.17 14.43
8.42 14.43
